1.00,0.01,0.04,0.07,0.19,0.46,0.69,0.10,0.26,0.03
0.01,1.00,0.04,0.14,0.22,0.45,0.08,0.12,0.27,0.10
0.04,0.04,1.00,0.13,0.04,0.15,0.08,0.14,0.28,0.27
0.07,0.14,0.13,1.00,0.14,0.36,0.08,0.05,0.29,0.18
0.19,0.22,0.04,0.14,1.00,0.23,0.15,0.10,0.13,0.04
0.46,0.45,0.15,0.36,0.23,1.00,0.44,0.29,0.45,0.01
0.69,0.08,0.08,0.08,0.15,0.44,1.00,0.00,0.43,0.04
0.10,0.12,0.14,0.05,0.10,0.29,0.00,1.00,0.23,0.02
0.26,0.27,0.28,0.29,0.13,0.45,0.43,0.23,1.00,0.01
0.03,0.10,0.27,0.18,0.04,0.01,0.04,0.02,0.01,1.00
