1.00,0.10,0.10,0.14,0.16,0.30,0.79,0.16,0.39
0.10,1.00,0.11,0.28,0.21,0.46,0.05,0.07,0.31
0.10,0.11,1.00,0.14,0.02,0.22,0.12,0.14,0.32
0.14,0.28,0.14,1.00,0.08,0.35,0.03,0.02,0.35
0.16,0.21,0.02,0.08,1.00,0.29,0.09,0.17,0.06
0.30,0.46,0.22,0.35,0.29,1.00,0.44,0.18,0.54
0.79,0.05,0.12,0.03,0.09,0.44,1.00,0.15,0.55
0.16,0.07,0.14,0.02,0.17,0.18,0.15,1.00,0.22
0.39,0.31,0.32,0.35,0.06,0.54,0.55,0.22,1.00
